2019-12-09 13:59:56.830732 - Python Partest Version 0.5
Setting up test: runsperthread=1 threads=1 totalruns=1 payload=[{'bucketname': 'df.service.one' 'key': 'edited_10000_Sales_Records.csv' 'tablename': 'SalesData'}]

Raw results of each run:
1_run_id,2_thread_id,contextSwitches,contextSwitchesDelta,cpuCores,cpuIdle,cpuIdleDelta,cpuIowait,cpuIowaitDelta,cpuIrq,cpuIrqDelta,cpuKrn,cpuKrnDelta,cpuModel,cpuNice,cpuNiceDelta,cpuSoftIrq,cpuSoftIrqDelta,cpuType,cpuUsr,cpuUsrDelta,frameworkRuntime,iteration,latency,message,payload,roundTripTime,runtime,userRuntime,vmcpusteal,vmcpustealDelta
0,0,27052,82647,2,1205815,11133,3,0,0,0,106,46,62,0,0,0,17,Intel(R) Xeon(R) Processor @ 2.50GHz - Model 62,34,43,0,0,1235.86,bucketname is = df.service.one! This is an attributed added to the Inspector!,{'bucketname': 'df.service.one'; 'key': 'edited_10000_Sales_Records.csv'; 'tablename': 'SalesData'},58073.86,56838,56838,35,26
0,0,109925,77694,2,1217140,11034,3,0,0,0,152,71,62,0,0,17,25,Intel(R) Xeon(R) Processor @ 2.50GHz - Model 62,77,62,0,1,965.36,bucketname is = df.service.one! This is an attributed added to the Inspector!,{'bucketname': 'df.service.one'; 'key': 'edited_10000_Sales_Records.csv'; 'tablename': 'SalesData'},57255.36,56290,56290,61,19
0,0,187821,76733,2,1228368,11092,3,0,0,0,223,52,62,0,0,42,18,Intel(R) Xeon(R) Processor @ 2.50GHz - Model 62,140,37,0,2,915.02,bucketname is = df.service.one! This is an attributed added to the Inspector!,{'bucketname': 'df.service.one'; 'key': 'edited_10000_Sales_Records.csv'; 'tablename': 'SalesData'},57474.02,56559,56559,80,23
0,0,264741,84279,2,1239668,11140,3,0,0,0,275,65,62,0,0,60,22,Intel(R) Xeon(R) Processor @ 2.50GHz - Model 62,177,57,0,3,877.61,bucketname is = df.service.one! This is an attributed added to the Inspector!,{'bucketname': 'df.service.one'; 'key': 'edited_10000_Sales_Records.csv'; 'tablename': 'SalesData'},57731.61,56854,56854,103,24
0,0,349182,81431,2,1250984,10841,3,0,0,0,340,55,62,0,0,82,14,Intel(R) Xeon(R) Processor @ 2.50GHz - Model 62,234,45,0,4,900.72,bucketname is = df.service.one! This is an attributed added to the Inspector!,{'bucketname': 'df.service.one'; 'key': 'edited_10000_Sales_Records.csv'; 'tablename': 'SalesData'},56192.72,55292,55292,127,21
0,0,430804,77985,2,1262043,11186,3,0,0,0,395,54,62,0,0,96,14,Intel(R) Xeon(R) Processor @ 2.50GHz - Model 62,280,34,0,5,1036.65,bucketname is = df.service.one! This is an attributed added to the Inspector!,{'bucketname': 'df.service.one'; 'key': 'edited_10000_Sales_Records.csv'; 'tablename': 'SalesData'},58090.65,57054,57054,148,22
0,0,508949,84110,2,1273429,10899,3,0,0,0,449,58,62,0,0,110,19,Intel(R) Xeon(R) Processor @ 2.50GHz - Model 62,314,42,0,6,896.71,bucketname is = df.service.one! This is an attributed added to the Inspector!,{'bucketname': 'df.service.one'; 'key': 'edited_10000_Sales_Records.csv'; 'tablename': 'SalesData'},56558.71,55662,55662,171,23
0,0,593226,78832,2,1284533,11121,3,0,0,0,508,46,62,0,0,129,16,Intel(R) Xeon(R) Processor @ 2.50GHz - Model 62,357,44,0,7,924.14,bucketname is = df.service.one! This is an attributed added to the Inspector!,{'bucketname': 'df.service.one'; 'key': 'edited_10000_Sales_Records.csv'; 'tablename': 'SalesData'},57685.14,56761,56761,195,24
0,0,672234,79579,2,1295855,12144,3,0,0,0,554,47,62,0,0,145,13,Intel(R) Xeon(R) Processor @ 2.50GHz - Model 62,401,34,0,8,913.55,bucketname is = df.service.one! This is an attributed added to the Inspector!,{'bucketname': 'df.service.one'; 'key': 'edited_10000_Sales_Records.csv'; 'tablename': 'SalesData'},62788.55,61875,61875,219,24
0,0,751982,83218,2,1308200,11032,3,0,0,0,601,42,62,0,0,159,18,Intel(R) Xeon(R) Processor @ 2.50GHz - Model 62,435,36,0,9,958.33,bucketname is = df.service.one! This is an attributed added to the Inspector!,{'bucketname': 'df.service.one'; 'key': 'edited_10000_Sales_Records.csv'; 'tablename': 'SalesData'},57269.33,56311,56311,243,25
Successful Runs: 10

Category cpuType:
cpuType,uses,avg_contextSwitches,avg_contextSwitchesDelta,avg_cpuCores,avg_cpuIdleDelta,avg_cpuIowaitDelta,avg_cpuIrqDelta,avg_cpuKrnDelta,avg_cpuNiceDelta,avg_cpuSoftIrqDelta,avg_cpuUsrDelta,avg_frameworkRuntime,avg_iteration,avg_latency,avg_roundTripTime,avg_runtime,avg_userRuntime,avg_vmcpusteal,avg_vmcpustealDelta
Intel(R) Xeon(R) Processor @ 2.50GHz - Model 62,10,389591.60,80650.80,2.00,11162.20,0.00,0.00,53.60,0.00,17.60,43.40,0.00,4.50,962.40,57912.00,56949.60,56949.60,138.20,23.10
Total number of unique cpuTypes: 1

Category zAll:
zAll,uses,avg_contextSwitches,avg_contextSwitchesDelta,avg_cpuCores,avg_cpuIdleDelta,avg_cpuIowaitDelta,avg_cpuIrqDelta,avg_cpuKrnDelta,avg_cpuNiceDelta,avg_cpuSoftIrqDelta,avg_cpuUsrDelta,avg_frameworkRuntime,avg_iteration,avg_latency,avg_roundTripTime,avg_runtime,avg_userRuntime,avg_vmcpusteal,avg_vmcpustealDelta
Final Results:,10,389591.60,80650.80,2.00,11162.20,0.00,0.00,53.60,0.00,17.60,43.40,0.00,4.50,962.40,57912.00,56949.60,56949.60,138.20,23.10
Total number of unique zAlls: 1
